244, 100, 269, 73, 298, (?)
121, 130, 119, 132, (?), 134
2, 3, 5, 9, 17, (?), 65
17, 37, 77, 137, 217, (?)
2000, 200, 40, 12, 4.8, ?
63, 80, 99, ?, 143, 168
7, 8, 17, 52, ?, 1046
16, 160, 281, 381, ?, 526
103, 615, 958, 1174, 1299, 1363, ?
7, 7, 7, 14, ?, 168, 840
1000, 1001, 993, 1002, 936, 963
5, 14, 53, 128, 240, 390
205, 236, 279, 304, 341
74, 125, 76, 122, 79, 117
87, 114, 103, 130, 119, 144, 135
529, 841, 961, 1089, 1681, 1849
312, 156, 234, 585, 2049.5, 9213.75
12, 25, 50, 150, 600, 3000
10, 31, 72, 141, 248, 412
312, 304, 288, 266, 232, 192, 144
9, 10, 22, 69, 280, ?
58, 75, 94, 117, 146, 177, ?
216, 212, 221, 196, 245, 124, ?
2421, 1909, 1566, 1350, 1225, ?
3, 9, 45, 315, 2835, ?
46, ?, 284, 345, 378, 391
100, 108, 120, 136, 156, ?
14, 15, 31, 94, 377, ?
8, 17, 53, ?, 1079, 6479
38, 43, 215, 220, 1100, ?
33, 42, 67, 116, 197, ?
5040, 720, 120, 60, 6, 2
1, 8, 32, 48, 173
4, 5, 11, 34, 137, 684
72, 20, 40, 24, 32, 28
40, 35, 45, 30, 50, 20
89,70,87,74,85,?
730,?,82,28,10,4
23,28,38,53,73,?
500,435,385,348,?,305
2.5,7.5,26,75,148,?
2,6,15,35,77,?
7,8,17,52,?,1046
20,32,47,57,?,80
87,114,103,130,119,144,135
1514 1513 1517 1508 1524 ?
86 97 73 82 60 67 47 52 ?
223, 174, 132, 97, 69, ?
6 13 25 42 64 ?
5 8 17 44 125 ?
21, 52, 87, 126, 169, ?
273 224 180 141 107 ?
211, 198, 175, 142, 99, ?
51 87 121 153 183 211 ?
62 61.1 60.2 59.3 58.4 57.5 ?
215 187 161 137 115 95 ?
2 9 23 51 107 ?
12 29 63 131 267 ?
1312 1320 1330 1342 1356 ?
189 166 155 132 121 98 ?
602 600 696 690 682 ?
4 8 15 27 46 ? 113
517, 494, 461, ?, 365, 302
536, 513, 480, ?, 384, 321
4 7 13 24 42 ? 107
327, 304, 271, ?, 175, 112
428, 405, 372, ?, 276, 213
277, 254, 221, ?, 125, 62
401 400 397 392 385 ?
413, 390, 357, ?, 261, 198
282, 259, 226, ?, 130, 67
319, 296, 263, ?, 167, 104
801 800 797 792 785 ?
13 8 24 19 57 52 156 ?
4 10 19 34 58 ?
4,11,19,41,79,?,319
1,3,6,11,18,?,42
24,?,12,18,36,90
1,1,2,1,3,2,1,4,3,2,1,5,4,3,2,...
3,14,39,84,?,258
2,7,22,67,202,?,1822,?
5,348,564,689,?,780,788
3,2,7,4,13,10,21,18,31,28,43,40
228,116,61,?,22.25,17.125
8,256,648,512,200,?
[(J2,G5,D7), (?,O3,R8),(Q9,T5,W14)]
3,13,1113,3113,132113,?
18,8,27,16,45,24,?,32,108
2,8,16,128,?
122,59,28,13,?
3,7,6,5,9,3,12,1,15,?
15,16,31,94,375,1876,?
80,10,70,15,60
9,19,40,83,?,345,696
17,35,106,?,2126
7,13,?,49,97,193
17,52,158,477,?,4310
9,16,30,58,114,?
8,16,19,76,?,486
13,17,26,?,67,103
450,442,415,351,226,?
13,15,18,23,30,?
30,42,56,?,90,110,132
7,20,59,176,?
9,64,25,216,?
1,0.5,0.5,1,4,?
2,5,11,23,44,77,?
5,18,57,174,525,?
400,201,202,304,609,?
2.5,4.5,12,40,165,?
1822,607,202,67,22,?
18,22.5,20.5,25,23,?
22,23,?,147,592,2965
53,54,50,52,43,68
15,17,?,25,32,43
2,9,30,?,282,849
110,120,135,155,180,?
36,38,41,46,53,64,?
11,12,26,81,?,1645
6,19,59,180,544,?
4,6,12,30,?,315
3600,360,36,?,0.36
31,32,28,37,?,46
6,7,16,51,?,1045
45,47,50,55,62,?
10,11,24,75,?,1525
3,4,8,35,?,176
100, 114, 106, ?, 112, 126, 118 
5, 30, ?, 90, 45, 270 
179, 188, 206, ?, 269
31, ?, 66, 201, 1010, 6066
724, 715, 690, 641, ? , 439
32, 48, 24, 36, 18, ?
21, 34, 55, 89, ?, 233
5, 10, 16, 23, 31, 40, ?
7, ? , 14, 56, 448
12, 6, 6, 12, 48, 384, ?
6, 3, 3, 4.5, 9, ?
7776, 1296, 216, 36, ?
50, 51, 55, ?, 80, 105
676, 729, 784, 841, ?
12, 6, 6, 9, 18, 45, ?
17, 19, 22, 27, 34, 45, ?
137, 146, 159, 176, ?, 222
10, 11, 7, 34, 18, ?
15, 14, 26, 75, ?
80, 80, 160, 480, 1920, 9600, ?
15, 23, 30, 36, 41, ?
8, 22, 50, 92, 148, ?
444, ?, 103, 39, 12, 4
10, 35, 135, 360, 760, ?
4, 10, 22, 46, ?, 190
17, 33, 65, ?, 257, 513
4, 2, 2, 3, ?, 15
130, 115, 135, 110, ?, 105
11, 19, 35, 59, ?, 131
11, 10, 19, 56, ?, 1114
38, 39, 35, 44, 28, ?
12, 23, 45, ?, 177, 353
11.5, 12.5, 27, ?, 340, 1705
50, 54, 45, 61, ?, 72
14, 18, 26, ?, 74, 138
1, 6, 15, 28, ?, ?, 91
144, 2197, 196, 3375, 256, 4903
5, 13, 40, 104, 229, ?
11, 13, 29, 91, 369, ?



































